        L1          L2    2^nqbits   veclength      tprep    tjob     tprocess
         2	          2	         16	         16	 0.0070052	 11.415	 0.0017998
         2	          3	         64	         64	 0.01731	 11.902	 0.00081992
         2	          4	        256	        256	 0.013589	 11.51	 0.001256
         3	          3	        512	        512	 0.027845	 10.893	 0.0024471
         2	          5	       1024	       1024	 0.0351	 11.941	 0.002373
         2	          6	       4096	       4095	 0.02945	 11.076	 0.011098
         3	          4	       4096	       4095	 0.049561	 11.699	 0.011345
         2	          7	      16384	      16278	 0.055057	 11.764	 0.028762
         3	          5	      32768	      32192	 0.070137	 11.442	 0.045855
         2	          8	      65536	      63019	 0.087296	 12.603	 0.085573
         4	          4	      65536	      63019	 0.13221	 12.991	 0.086239
         2	          9	     262144	     230964	 0.13941	 20.002	 0.32831
         3	          6	     262144	     230964	 0.38397	 20.236	 0.33569
         2	         10	    1048576	     784626	 0.39876	 47.965	 1.1578
         4	          5	    1048576	     784626	 1.2284	 56.708	 1.169
         3	          7	    2097152	    1401292	 1.2443	 113.84	 2.0852
         2	         11	    4194304	    2449868	 2.1615	 239.12	 3.5941
         2	         12	   16777216	    7036530	 3.6834	 1076.8	 10.345
         3	          8	   16777216	    7036530	 10.442	 1381.6	 10.277
         4	          6	   16777216	    7036530	 10.374	 1438.5	 10.429
